AO-07
1 07530U 74089B   23098.53408603 -.00000041  00000-0  33215-4 0  9998
2 07530 101.9443  84.7510 0012077 195.4229 283.3115 12.53663031214441
AO-27
1 22825U 93061C   23099.09221181  .00000168  00000-0  82402-4 0  9990
2 22825  98.8499 140.8416 0007315 269.3844  90.6499 14.30279036540689
FO-29
1 24278U 96046B   23098.53656666 -.00000026  00000-0  11715-4 0  9991
2 24278  98.5245  86.5994 0349372 237.4923 119.2009 13.53140882315766
ISS
1 25544U 98067A   23099.36372169  .00014677  00000-0  26795-3 0  9997
2 25544  51.6394 309.5793 0006449 172.3562   0.8196 15.49634498391117
SO-50
1 27607U 02058C   23098.50307134  .00001616  00000-0  23812-3 0  9995
2 27607  64.5528 118.5333 0074737 238.6023 120.7756 14.77072252 91937
AO-73
1 39444U 13066AE  23098.85474643  .00005635  00000-0  63454-3 0  9997
2 39444  97.6663  65.5012 0055001 139.7657 220.7649 14.85915619505932
XW-2A
1 40903U 15049E   23099.15141240  .00513190  11737-3  99490-3 0  9991
2 40903  97.1146 167.1900 0003999 184.8905 259.3313 16.00345566425503
XW-2C
1 40906U 15049H   23099.29765140  .00015869  00000-0  64387-3 0  9995
2 40906  97.4963 106.2835 0013875  51.5174   6.0380 15.24609567417892
XW-2D
1 40907U 15049J   23099.20118236  .00018927  00000-0  73212-3 0  9990
2 40907  97.4949 106.5527 0012909  47.5146  18.2267 15.26180502417950
LILACSAT-2
1 40908U 15049K   23099.14684330  .00008145  00000-0  39341-3 0  9993
2 40908  97.5259 102.4388 0016193  72.7749 351.6885 15.18794374417313
XW-2E
1 40909U 15049L   23099.16248244  .00033959  00000-0  10239-2 0  9991
2 40909  97.4584 112.1484 0009783  26.3981  38.2127 15.34186244418541
XW-2F
1 40910U 15049M   23099.26100986  .00033781  00000-0  10374-2 0  9997
2 40910  97.4679 111.4645 0010966  24.9142  31.5826 15.33592036418313
XW-2B
1 40911U 15049N   23099.12330366  .00018682  00000-0  72697-3 0  9990
2 40911  97.4927 106.9516 0012894  49.0971  23.2228 15.25984610417829
IO-86
1 40931U 15052B   23099.08974763  .00001452  00000-0  11148-3 0  9997
2 40931   5.9975 219.8098 0013362  33.7244 326.3827 14.77145110407125
CAS-2T
1 41847U 16066G   23098.80599399  .00001851  00000-0  28247-3 0  9998
2 41847  98.5090 167.6779 0361305  45.7217 317.3018 14.39499720336827
EO-88
1 42017U 17008BX  23098.74433884  .00097280  00000-0  12402-2 0  9990
2 42017  97.2200 168.0662 0003738 233.4069 126.6844 15.58976078342582
CAS-4B
1 42759U 17034B   23099.18602745  .00010713  00000-0  55646-3 0  9999
2 42759  43.0165 138.9111 0010855   8.5490  39.2945 15.16107391321166
CAS-4A
1 42761U 17034D   23099.14757604  .00010814  00000-0  56070-3 0  9997
2 42761  43.0161 137.6756 0011452  10.4478  90.6784 15.16157916321168
AO-91
1 43017U 17073E   23098.67698509  .00008195  00000-0  58501-3 0  9990
2 43017  97.6392 345.7728 0235160 298.8646  58.9152 14.85120456290860
AO-92
1 43137U 18004AC  23098.19022429  .00034391  00000-0  83050-3 0  9991
2 43137  97.3323 176.8650 0005750  44.9908 315.1803 15.41092007291508
PICSAT
1 43132U 18004X   23098.21692915  .00054756  00000-0  10224-2 0  9991
2 43132  97.3360 179.8819 0004132  21.8498 338.2928 15.48587946291686
PO-101
1 43678U 18084H   23099.17189422  .00002918  00000-0  28507-3 0  9991
2 43678  98.0091 241.8052 0010292  36.2563 323.9285 14.93159896241967
QO-100
1 43700U 18090A   23099.09216106  .00000152  00000-0  00000+0 0  9997
2 43700   0.0194 219.5561 0001312 184.6817 211.8097  1.00269541 16239
JO-97
1 43803U 18099AX  23099.15849951  .00005872  00000-0  47647-3 0  9993
2 43803  97.5755 163.5356 0013114 348.5511  11.5413 14.99953692237345
FO-99
1 43937U 19003F   23098.86248569  .00046218  00000-0  95618-3 0  9992
2 43937  97.0958 127.2512 0016345 162.2582 197.9242 15.45511774235319
TO-108
1 44881U 19093C   23099.24733873  .00001530  00000-0  19757-3 0  9998
2 44881  97.8635 178.8734 0013675 306.5057  53.4902 14.82355253178581
RS-44
1 44909U 19096E   23098.32805957  .00000030  00000-0  78393-4 0  9999
2 44909  82.5255  34.3585 0217421 350.6331   9.0743 12.79719817153229
AO-109
1 47311U 21002C   23098.19138129  .00026179  00000-0  75832-3 0  9990
2 47311  60.6820 326.9032 0027992 138.5700 221.7523 15.35124276123529
UVSQ-SAT
1 47438U 21006AB  23098.13898482  .00014836  00000-0  64923-3 0  9999
2 47438  97.3923 156.3370 0008975 334.7406  25.3390 15.22113447121985
CSS
1 48274U 21035A   23099.32506749  .00038415  00000-0  39431-3 0  9999
2 48274  41.4741 215.6918 0003879 310.9702 152.1060 15.64163709111065
HO-113
1 50466U 21131B   23099.25672472  .00000885  00000-0  30236-3 0  9995
2 50466  98.5528 181.0192 0003926   3.3701 356.7512 14.38812303 67449
HADES
1 51080U 22002DA  23098.14325989  .00023854  00000-0  94455-3 0  9995
2 51080  97.4666 168.8565 0012638 145.3688 214.8375 15.25354413 68207
EASAT-2
1 51081U 22002DB  23098.13778231  .00023986  00000-0  94628-3 0  9995
2 51081  97.4664 168.8163 0012803 145.2162 214.9915 15.25474187 68202
TEVEL 3
1 50988U 22002E   23099.10271747  .00023421  00000-0  10177-2 0  9998
HO-119
FO-118
1 54684U 22167C   23099.13846281  .00016730  00000-0  96878-3 0  9999
2 54684  97.5500 237.3193 0014169 209.4965 324.5727 15.12208565 18238 
YUZGU 8
1 53306U 98067TR  23025.79167360  .07011754  12129-4  11372-2 0  9998
2 53306  51.6063 292.9414 0006142 218.6650 243.8329 16.32721285 29461
YUZGU 12
1 53308U 98067TT  23029.07738038  .12328418  12448-4  55907-3 0  9992
2 53308  51.6129 276.0899 0007051 254.5007 105.5243 16.42903695 30044
YUZGU 5
1 53309U 98067TU  23026.78154543  .07817383  12266-4  25237-2 0  9999
2 53309  51.5369 287.2498 0215129 186.3126 284.9191 16.41937082 29633
YUZGU 9
1 53310U 98067TV  23027.95360578  .07311626  12146-4  11649-2 0  9996
2 53310  51.6161 282.1016 0006762 235.3476 124.6910 16.32881878 29843
TSIOLKOVSKY-RYAZAN 1
1 53311U 98067TW  23023.95662205  .10980964  12291-4  94749-3 0  9990
2 53311  51.6134 301.8850 0005230 218.9303 141.1347 16.38525487 29243
YUZGU 6
1 53312U 98067TX  23027.23010772  .07984851  12172-4  10935-2 0  9999
2 53312  51.6130 285.5123 0006786 228.9660 131.0778 16.34340713 29693
YUZGU 7
1 53313U 98067TY  23026.97308621  .06899054  12108-4  12066-2 0  9998
2 53313  51.6139 286.8007 0007093 224.6880 135.3572 16.31947587 29707
NO-44
1 26931U 01043C   23098.79333301  .00000295  00000-0  14365-3 0  9998
2 26931  67.0535  15.9995 0007186 281.7763  78.2532 14.30879911123818
NO-103
1 44355U 19036S   22110.24609159  .09797144 -77191-5  93620-3 0  9997
2 44355  28.5075  82.7172 0016307 255.7935 104.0877 16.36779689157079
IO-117
1 53106U 22080B   23088.05176028 -.00000003  00000-0  00000-0 0  9991
2 53106  70.1795 347.5677 0008286 204.3079 155.7190  6.42557135 16603
